#$version=1
# 1 2018-02-15 new file
# Facility IDs of stations eligible to be channel-sharing guests
74419
60552
14682
6476
64833
73238
41436
9766
18783
7780
73344
69943
60888
20624
54983
35101
48772
70119
998
60539
12279
168414
67893
43870
8532
11118
70138
67869
69273
35385
54452
61011
70149
55350
23338
10213
57908
66378
33081
13595
10153
3072
68007
28462
37809
29706
74420
29234
56384
63865
14000
38430
3167
4328
22161
191101
84214
4366
9614
71278
68545
42665
72342
9632
35611
4350
67866
14322
73207
47535
48477
74156
67993
74215
70493
9881
39884
7623
36989
9739
48465
191340
55305
60560
23142
28480
259
68396
68405
7622
68400
269
68408
3978
70184
4110
26602
39887
58341
28954
21245
10133
41095
15507
4689
66321
11371
34440
70900
43095
51189
35663
49153
21533
37511
58616
4108
69338
77678
5982
5985
83913
57907
51567
30576
10259
38437
9999
10019
50347
61084
47929
73153
